25134504
25134505
25134506
25134507
25134508
25134509
34060516
34060517
34060518
34060519
34060520
34060521
34060522
34060523
34060524
34060525
34060526
34060527
34060528
34060529
34060530
34060531
34060532
34085987
34089636
34089637
34089638
34089639
34089640
34089641
34089642
30049907
30049908
30049909
30049910
31418832
31418834
31418836
31418843
31418844
31418846
31418848
33746117
33746119
33746120
33746121
33746122
33746123
33746124
33746217
33746218
33746219
33746220
33746221
33746222
33746223
33746224
33746225
33746226
33746227
33746228
24195861
24195958
33600642
33600643
33600644
33600648
33600649
33600650
33600651
33600652
33600653
33600654
33600655
33600656
33600657
33600658
33600659
33600660
33600661
33600662
33600663
33617481
26845412
33764329
33764330
33764331
33764332
33780180
33780605
33780606
33780607
33780608
33780609
33780610
33780613
33780611
33780612
33780614
33780615
26007706
26008222
26015644
26015645
26015646
26015647
26015648
26015649
26015650
26015652
26015653
26015654
26015655
26017586
26019388
26019389
26019390
26019391
26019392
26019393
26019394
26019395
26019396
26019397
26019398
26019399
26261461
26261462
26261463
26261464
26261465
26261466
26261467
26261468
26261469
26261470
26261471
26261472
26261474
26261475
26261476
31270276
31270278
31287094
30696611
30696613
30696612
26550062
26550063
26550064
26550065
26550066
26550068
26550070
26550069
26550071
26550072
26550073
26550074
26550075
26550076
26550077
26550078
26567457
26567552
26567553
26567606
26567607
26567718
26567723
26567865
26568305
26568453
32406942
32406943
32406944
32406946
32406947
32406949
32417832
32417833
32417834
32434962
27941240
27958596
27958597
27958595
27958598
27958599
27958600
27958601
27958602
27958603
27965714
27965715
27965716
27965717
27965718
27965720
27965719
27965721
27989997
33118524
33119973
33119974
33119975
33119976
33119977
33119978
33119980
33119981
33119982
31550425
31550426
31550428
31550424
31550431
31550430
31550432
31553713
31558688
31566577
31570903
31570902
32234694
32242545
32243737
32243738
32243739
32243742
32243743
32243740
32243741
26612035
26627189
31203267
33263545
32945272
28182583
23900143
23900144
23900145
23900146
23900147
23900148
26636972
24083493
24083494
24083495
24083496
24083497
24083499
24083498
24091229
24091230
24091231
29204230
29204231
29204232
29204233
29204234
29204235
29204236
29204237
29204238
29204239
29204240
29204241
29208582
29208583
29208780
32369021
33791554
33798118
30197420
30197422
30197423
30197421
30197424
30197425
30197426
30197427
30197428
30197429
30197430
30198277
30206048
30221630
30221631
30221632
30221633
32876052
32876053
32876054
32877381
32877382
32877384
32877385
32877386
32877387
32879058
34224401
34230436
34231886
34231887
34231888
34231889
34231890
34231891
34231892
34231893
34231895
34231897
34231894
34231898
34231900
34231901
34231899
34231896
34231902
34231906
34231903
34231908
34231907
34231910
34231909
28944768
28952957
28952960
28952961
25497562
25497563
25497564
28447587
28447586
28447588
28447589
28447590
28447961
28447964
28447965
28447966
28447967
28447968
28447969
28447970
34795106
34795107
34795108
34795109
34795110
34795111
34795112
34795113
34795114
34795115
34795116
34807001
34807002
34807003
34807004
34807005
29051395
29051396
29051397
29051398
29051399
29051401
29051402
29051403
29051404
29068324
32161182
32170050
32170736
32170738
32170746
32170747
32170748
32180565
32180583
34092695
34096508
34096509
34097634
34097635
34097636
34097637
34109283
29424371
29424372
24046793
24046794
24046795
24046796
24046797
24046798
24046799
24046800
32390450
32390649
32390650
32390651
32390652
33191921
33200752
33200753
29360102
29386166
29386167
29386169
29386168
28590256
28592998
28593000
28592999
28593001
28593002
28593003
28593005
28593004
28593006
28593007
28593008
28593009
28593867
28593866
28604373
28604374
28604375
28604376
28604377
28604378
28604379
28604380
28604381
28604382
28566557
29756612
29756613
29756614
29756615
29756616
29756617
29756618
27174020
27179226
27179227
27179229
27179231
27179235
27179236
27179246
27179281
27179282
27179283
27179284
27179285
27179294
27179308
29766907
29779020
29790323
29790324
29790325
29790326
29790327
29790328
26191097
26191098
26191100
26191099
26191101
26191102
26191104
26191105
26191103
26191106
26191108
26191107
26191109
26191110
26191111
34879155
34879156
34879158
34879161
34879162
34879163
34879164
34881715
34881716
34881717
34881718
34881719
31699958
31702578
31708576
31708577
31708578
31708580
31708579
31708581
31708582
31719215
31719216
31723050
31723051
25475531
29515021
29527126
29527127
31366738
31388194
23685310
26371979
34593672
24463320
24463321
24463322
24463323
23644290
23644291
23644292
25368682
25368683
25368684
25368685
25368686
25368687
25368688
25368689
25368690
25368692
25368693
25369974
25392026
25392027
25392031
25392028
25392029
25392030
27872426
27881834
27897274
27897275
27897974
27298639
27298640
27298641
27298642
27298643
27298644
27298646
27298648
27298649
27298650
27319738
27319817
34636340
34636341
34645715
30457267
30457268
30457269
30457270
30457271
30457272
30467271
28401879
28401880
28406095
28430112
29901457
29905160
29905161
29905162
24432158
24432159
24432160
24432161
24432162
24432163
24432164
24432165
24432169
24432170
24432172
24432171
24432173
24432174
24432175
24432176
24432177
24432178
24432179
24432180
26306728
25425601
28298939
28298940
28298941
28298942
28298943
28298944
28298945
28298946
28298947
28298948
28298950
27427502
27427539
27842006
27842007
27842009
27842010
27842011
27842012
27842013
27842014
27842015
27842016
27842017
27842018
27842019
27845942
27857005
27865082
27865083
27865085
27865086
27865087
27865088
28703707
28703708
29916562
29916563
29916564
29916565
29916566
29916567
29916568
29916569
29916570
29916571
29916572
29916573
29916575
29916576
29916577
29916578
29916579
29916580
29916581
29916582
29916583
29916584
29916586
29916587
29916588
29916589
29916590
29916591
29916592
29916593
29916594
29916595
29916596
29916597
29916598
29916599
29916600
29916601
29916602
29916603
29916604
29916605
29916606
29916607
29916608
29916609
29916610
29916611
29916612
29916614
29916615
29916618
29916613
29916619
29916617
29916616
29916620
29916622
29916621
29925680
33970895
33970896
33994387
33994388
25600926
27807319
27807320
27821377
27821378
27830670
27830671
27830672
27830673
30737361
30737362
30737363
30737364
30739886
30739887
31617853
31617854
31630139
25985101
24311150
27131477
32004140
29661986
29667607
30623894
30623895
30623896
30623897
30623898
30623899
30623900
30623901
30623902
30632521
30638186
24141102
26893384
24791910
24794235
24794236
24794237
24801863
26098018
26098121
26098232
26098379
26098595
26098671
26098750
26098854
26099000
26108446
26108555
33821800
33821802
33825699
28174144
28174145
28174146
28177326
28177327
28177328
28177329
28177330
28177331
28177332
28177333
28177334
28177335
28177336
28177337
32989208
32989209
32990277
33010121
33010124
33010122
33010123
33010125
33010126
33010127
25762828
25762829
25762830
25762831
25762833
25762832
25762834
25762835
25762836
25762837
25762838
25767635
25767637
25767636
25767638
25767639
25767640
25767641
25767642
25767643
25767644
25767645
25777965
28652502
28663597
28663598
28663599
28228226
34031278
34031279
34031280
34031281
34031282
34031284
34031285
34031286
34031287
34031288
34031289
34031290
34031291
34038576
34038577
34038579
34038580
34038582
34038583
34038584
29087403
29087404
27583661
27583785
27584084
27585284
27585314
30029294
30029295
30029296
30029297
30029298
30029299
34418907
34418908
34418909
34418910
34418912
34418911
34418913
29128859
29128860
29134952
29134953
29134954
32275647
32275648
32275649
32277068
32855119
26449253
25336195
25336283
25359113
25362884
25364009
26941870
26941871
26941872
26941873
26941874
26941875
26941876
26941877
26941878
26941879
26941880
26941881
34524110
34524111
34524112
34524113
34524114
34524115
34524116
34524117
34524118
34524119
34524121
34524122
34524123
34533533
34533534
34533535
34533536
34533537
34533538
34533539
34533540
34533541
34533542
31182693
31182694
31182697
31182703
31203266
24376291
24376292
24376293
24376294
24376295
24376296
24376297
24376298
24376299
24376300
24376301
24376302
24388153
24388154
24388156
24388157
24388155
24388158
24393822
24395028
31972878
31972882
31972884
31972886
31972890
31972892
31972895
31996480
31525164
31541544
31541545
32503952
32503953
32503954
32503955
32516874
32516875
32519677
32519678
32519991
32519992
32529981
27707681
27707684
27707682
27707683
27713191
32594673
32594674
32594675
32594677
32594676
32594678
32594679
32614527
32614528
32614529
32614530
32614531
32614532
32614533
32614534
32614535
32614537
32614538
32614539
32614540
32614541
32614542
32614543
32614544
32618567
30569899
30569900
30569901
30569902
30569903
30569904
30569905
30569906
30569907
30569908
30569909
30569910
30588916
30588917
30588918
30588919
30588920
30588921
30588922
30588923
30588924
30420586
32208382
32213685
32213686
25177389
25177390
25177391
25177392
25177393
25177394
25177396
25177397
25177398
25177399
25177400
25183673
25183674
25183675
25195634
31586924
31586925
31586928
31586930
31298213
31298214
31298215
31298216
31308266
31315409
34001681
34028454
34028455
34028456
34028458
34028457
34028459
34028460
34028461
34028462
34028463
34028465
34028464
32897551
32897553
32897558
32897557
32897563
32897565
32913144
32913145
31869310
31883568
31883573
31883570
31899447
31899448
31899449
31899450
31929171
31929173
31929174
31929175
31929178
28516959
28516960
28516961
28516962
28516963
28516964
28516965
28516966
28516967
28516968
28516969
28516970
28516971
28516972
28516973
28516974
28516977
28516976
28516978
28516979
28516980
28516981
34758126
34758127
34758128
34758129
34758131
34758134
34758135
34758136
34758137
34758140
34758948
34758949
34758950
34758951
34758952
34758953
34758954
34758955
34758956
34758957
34758958
34758959
31950932
31950933
31957705
33055387
33055388
33055389
33055391
33073774
33843722
33843723
33843724
27997383
27997384
28003568
28038485
29498716
29498717
29509139
29509140
34193399
34193400
34193401
34193402
34193647
34193648
34193649
34193650
32573486
32573487
32588834
32588835
29018180
33085652
33085653
33093277
33100335
33100336
33100337
33100338
33100339
33100340
33100341
33104526
28900518
28900519
28900520
28900521
28900522
28900523
28900524
28900525
28900526
28900527
28900528
28900529
28904243
28904244
28904245
28904246
32126592
32126595
32126597
32126599
32126600
32126601
32126604
32126605
32126606
32126608
32126609
32126610
25689890
25693725
25704980
25707448
25707544
25707680
25709145
25709146
25709147
25709149
25709148
25709150
25709151
25709152
25709153
25711249
25711439
25711540
25711716
25711848
25711957
25712157
25712292
25712423
25712546
25712762
25712892
25712940
25712947
34282729
34290153
34297013
34297014
27456604
27469985
27480601
29176078
29186646
29186647
29186649
29186650
29186648
29186651
29187756
29187758
29187760
29197189
29197191
29197193
24168770
24168771
26394843
26402233
26402234
26402235
26402236
26402237
26402238
26402239
26405431
26409565
34370918
34370920
34370921
34370923
34370919
34370924
34370925
34370926
34370927
34370928
33021242
33021243
25082634
25082635
25082636
24843217
24843218
24843219
24843220
24843221
24843222
24843223
24843224
24843225
24843227
24845155
30499566
30511942
30516474
30516473
30516475
30516476
30516477
30524118
23823743
23823744
23823745
23836066
23841953
23841958
31354143
31354144
31354145
31354147
31354151
31354152
31354153
31354154
31354157
31354156
33875626
33875627
33888670
34261820
34264913
34264914
34264915
34264916
34264917
34264918
34264919
34264920
34264921
34264922
31685447
31841121
24535695
24535709
24556573
24556598
34668486
34694239
25624426
25624427
28749789
28763180
28763181
28763182
28763183
28763184
28763185
28767261
28768898
26996209
26996378
26042661
25816796
25816854
25816918
25817079
25817461
25817632
25817846
25818034
25818193
25818349
25818696
25818917
25819066
25819230
25819406
25819549
25819696
25819837
25837474
25837475
25837476
25837478
25837480
25837477
25837479
25837611
25837612
25837613
25837614
25837616
28346223
33576338
33591292
33595455
26898168
26898269
26898669
26898785
26898949
26899137
26899231
26899348
26899723
26899952
26900048
26900142
26900241
26900242
26900243
26900244
26900245
26900246
26900247
26900248
26900249
26900250
26900251
26900252
26900253
26902104
26903177
27905324
27909270
27934622
27934623
27934624
33202041
33202042
33202044
33202046
33202047
33231205
33231206
34825666
34825667
34825668
34825669
31144673
31145679
31145680
31145681
31145682
31148546
31157619
31158103
31162039
31162040
31162041
31162042
31162043
31170336
31170338
31170339
31170341
31170342
31170343
31170344
31170347
25945469
25951853
25951894
25951920
25951992
25952116
25952362
25952497
25952608
25952832
25953007
25953107
27064191
27070536
27070537
27070538
27070539
27070540
27070541
32543463
32543464
32543465
32554904
26343220
26343352
26343505
26343775
26343897
26344003
26344031
26344154
26344173
26344372
26344388
26344494
26344659
26344670
26344805
23985091
23985092
23995281
24002377
29393074
29393927
29393926
29402117
29402119
23620633
23620634
23620635
23620636
23620637
23620638
23620639
23620641
23620642
23620643
23620644
28791948
28791950
28791949
30337501
30337502
30337503
30337504
30337505
30337506
30337507
30337508
30337509
30337510
30337511
30337512
30337513
23326006
23326007
23326008
23326009
23326010
23326011
23326013
23326012
23326014
23326015
30530984
27680058
27680184
27680220
27680430
27680608
27680782
27681007
27681118
27681276
27681819
27681952
27682158
27682264
27682445
27682610
27682830
27635155
27635156
27635157
27635158
27635160
27635161
27635162
27635163
27635164
27635165
27635166
27635167
27635168
27655160
27655161
27655162
27655163
27655164
33709959
33713083
24566476
24568804
24568805
24568806
24576904
23703242
27340139
27340157
27345023
27345039
27345193
27345361
27345534
27345660
27345767
27345954
27346180
27346470
27346595
27346692
29165431
29165432
29165433
29165434
29165435
29165436
29165437
29165438
29170362
24662303
24686816
24686817
30379131
30379132
30379133
30379134
30394365
25543834
25543880
25544060
25559676
25559752
29683432
29683433
34312325
34312326
34312327
34312328
34312329
34312330
34312331
34312333
34548426
34569468
34569469
34569470
34569471
34569472
34569473
34569474
34569475
34569476
34569477
34569478
30480390
30480391
30480392
30480394
30480395
30498268
30498269
30498270
30498271
30498272
30498273
30498274
30498275
30498276
30498277
26749544
26749545
26749546
26749547
26749548
26749549
26749550
26752310
26752311
26752312
26752314
26752313
26752315
26752316
26753364
26754676
26754853
26760952
24901536
26208532
23349555
23349556
23349554
23349557
23349558
23349559
23349561
23349562
23349563
33528361
33528363
33528364
33528366
33528367
25919647
24616743
24616744
24616745
24616746
24616747
24616748
24616749
24616750
24616751
24616752
24616753
33236725
33337430
30602429
30602431
30602432
23395917
23396012
23396075
23396092
23396104
23396117
23396171
23396172
23396199
23396216
23396220
23396221
23396222
23396224
23396246
23396264
23396265
23396266
23396308
23396309
23396316
23396318
23396355
23396356
23396377
23396379
23396402
23396420
23396497
23396499
23396515
23396546
23396553
23396570
23396577
23396583
23396596
23396604
23396611
23396613
23396614
23396618
23396619
23396623
23396624
23396627
23396628
23396629
23396632
23396633
23396635
23396636
23396637
23396639
23396640
23396642
23396645
23396648
23396649
23396651
23396652
23396653
23396654
23396657
23396658
23396659
23396664
23396666
23396668
23396669
23396670
23396671
23396672
23396677
23396678
23396680
23396681
23396684
23396685
23396686
23396687
23396709
23396711
23396714
23396751
23396752
23396753
23396755
23396758
23396759
23396761
23396763
23396764
23396797
23396798
23396801
23396802
23396803
23396804
23396806
23396809
23396814
23396815
23396816
23396820
23396821
23396822
23396826
23396827
23396832
23396844
23396850
23396858
23396859
23396861
23396862
23396863
23396864
23396868
23396870
23396872
23396874
23396883
23396886
23396888
23396892
23396894
23396895
23396896
23396897
23396898
23396899
23396900
23396902
23396905
23396919
23396940
23396950
23396952
23396953
23396954
23396957
23396958
23396960
23396966
23396977
23396978
23396980
23396986
23396987
23396988
23396989
23396992
23396993
23396995
23396996
23396998
23397000
23397003
23397004
23397005
23397010
23397011
23397012
23397016
23397018
23397019
23397020
23397023
23397022
23397024
23397026
23397030
23397031
23397043
23397045
23397048
23397073
27025236
27025288
27025396
27025530
27025662
27025777
27025879
27025936
27025984
27026068
27026138
27026181
27026208
27026260
27026289
27026360
27026393
27026478
27054384
27054385
27054386
27054387
27054388
27054389
27054390
27054391
27054392
27054393
27054545
24225491
24227894
24227895
24227896
24227897
24227898
24227899
24227900
24227901
24227902
24227903
24227904
24227905
30837350
30843522
30843523
30843524
30862767
30862769
30862771
30864203
30864206
30864208
30864212
30864209
30864213
30864214
27734812
27734977
27734976
27734978
27734979
27734980
27734981
27734982
27734984
27734985
27734983
27734986
27734988
31097824
31097823
31097826
31097828
31097829
31097830
31097825
31097831
31097827
29717982
29717983
29717984
29724962
30745588
30745587
30745590
30745591
30745589
30745592
30745593
30745594
30745595
30745596
26969116
26969279
26418472
26418543
26428260
29460556
29460557
29460560
29460561
29460558
29460559
25322255
25335448
30783024
30794207
30799445
32078581
32078582
28530251
28530253
28530252
28530254
28530255
28530256
28530257
28530258
28530259
28530260
28530261
28530263
28530265
27226762
27227755
27235534
27238768
24762767
24762768
24762769
24762770
24762771
24762772
24762773
24762774
24785185
24785548
33554937
33554938
33554939
33554940
33554941
33554942
33554943
33554944
33554945
33554946
33554947
33554948
33554949
33554950
33554951
33554952
33558767
33558768
33558769
33558770
33558771
33558772
33558773
33558774
33558775
24867239
24867240
24882923
24882924
24882925
24882926
24882927
24882928
24882929
24882930
24882932
24882933
24883130
24883131
24883132
24883133
24883135
24883136
24883137
24883138
24883139
32129177
32129179
32146434
32146436
32312944
32312945
33140728
33150875
33162401
33162402
33162403
33162404
33162405
33162406
33162407
33170155
31790368
31790369
31799944
31814597
31814598
31814599
31814600
31814601
31814602
31814603
31815730
31815732
31815734
23449465
23449726
23449849
23450651
23450671
23450707
23458826
23459221
23459240
23459261
23459331
23459396
29327731
29327732
29327733
29327734
29327736
29327737
29327735
29339583
29339584
29339586
29339587
29339588
29339589
29339590
29339591
29339592
29339593
29339594
29339595
29339596
29339597
28374865
28374866
28374867
28374868
28374869
28374870
28374871
28374872
28374874
28374875
28382919
25855988
25856067
25868483
24042055
24043908
24043909
24043910
24043911
24043912
24043913
24043914
24043915
24043917
24043916
24043918
28059057
28059058
28059059
28059060
28070025
28070026
28070027
28070028
28070029
28070030
28070031
28070032
28070034
28872155
28872156
28872157
28872158
28872159
28872160
28872161
28872162
28872163
28874618
28874619
28874620
28874621
28874623
28874624
28874625
28874626
28874627
28874629
28874630
28874631
28874632
28892466
28892467
29984791
29984792
29984793
29984794
29984795
29984796
29984797
29984798
29984800
29984799
29984801
29984802
29984803
29984804
29984805
29989552
29989554
30004033
30004034
30004035
30007062
30008152
31242348
31242351
31242352
31242353
31242354
32469002
32469006
32469336
32469337
32489183
30980705
30980706
30980707
30980708
30980709
31488392
31488393
31488394
31488395
31488396
31488397
31501615
31501616
31501617
31501619
31501618
33650520
33650521
33650522
33650523
33650524
33650989
33650990
32719181
32719182
32719183
32719184
32719185
32719186
32719187
32719188
32719190
32719191
30933173
30933174
30933176
30933177
30933183
30933175
30933179
30933180
30933181
30933182
30936573
30936574
30936576
30936575
30936578
30936577
30936579
30936580
30938712
30942188
30942189
30942190
30942768
30946025
30946026
30946027
30946028
30946544
30946545
30946546
30946547
28098563
28098564
28098565
28098567
28098568
28099173
31112515
31112516
31112517
31112518
31112519
31112521
31112522
31130732
31131834
31131835
31131837
31131838
31131836
31131839
25273868
25273869
25273870
25285511
25285725
31064735
31064736
31064737
31064738
31070253
34728590
34734573
34734574
34734575
34734576
34734577
34734578
34734579
34734580
34734581
34734582
34734583
34734584
34734585
34738535
34738536
32773777
32773778
32773779
32773780
32773781
32773782
32773783
32773784
32773785
32773786
29844250
29848809
29848810
29848811
29848812
29848813
29848814
29848815
29848816
29848817
29848818
25262660
24294343
24294344
24294345
24294346
24294347
24294348
24294349
24294350
24297839
24297840
24297841
24297842
25210215
25210216
25210217
25210218
25210219
25210220
25210221
25210222
25210223
25210224
25210225
25233318
28248185
28248186
28252903
28252905
28252904
28252907
28252906
28252908
28272028
28272029
27191516
27191517
27191518
27191519
27191520
27191521
27196070
27196071
27196072
27196073
27196074
27196075
27196076
27196077
27196078
27196079
27196080
27196081
27214828
27214827
27214829
27214830
27214831
27214832
27214833
27214834
27214836
27215168
27217334
33295298
33295299
33295300
33295301
33295302
33295303
33295304
33295305
33295306
33295307
33295308
33299222
33299223
33299226
33299227
29615380
29626182
29629881
29629883
29629886
29629887
29629888
29629889
29629890
29629891
29629892
29629893
29629894
29629895
29629896
31657350
31657351
31657352
31657353
31657354
31657357
31657356
31657358
31657359
31659766
31659768
31661438
31661439
27594687
27595615
27598954
27598963
27600104
27600105
27600547
27600548
27600549
27600550
27600551
27600553
27604203
27504834
27504835
27504836
27504837
27504838
27504839
27504840
27504884
27504885
27504886
27518312
27518313
27518314
27518444
27518445
27518578
27518579
27518730
27518731
30665211
30665212
30665213
30665214
30665215
30665216
30665217
30665218
30665219
30665220
30665221
30665223
30665224
30665225
30665226
32039884
31769413
31769414
34465558
34465559
34465560
34465561
33941509
33941510
33941511
33960713
28630388
28630389
28632145
28632146
28632147
28632148
28642452
26227032
26227114
26227657
26227806
26228993
26229045
26240947
26246657
26246658
26246659
26246660
26246661
26246662
26246663
26246664
26246665
26246666
26246667
26246668
24709630
24709653
24711676
24711677
24711678
24711679
24711680
24711681
24711682
24711683
24711684
24711685
24711686
23853397
23853396
23853398
23853399
23853400
23853401
23853402
23853403
23853405
23853406
23853407
23853409
23853410
23853411
23853412
23853413
23853414
23853415
23853416
23853417
23877433
30898991
29967549
29967550
29967551
29967553
29967552
29967554
29967555
29967556
29967557
29967558
29967559
29967548
29967560
29967561
29967562
28474609
28474610
28475483
28475484
23730383
23730384
23730385
23730387
23730386
23730388
23730389
23730390
23730391
23730392
23730393
23732379
23732380
23732381
23732382
23732383
24980142
24980210
30301712
30301713
30301714
25586574
26675664
26696281
23919972
23919973
23919974
25027013
25035347
25043706
23591032
23591031
23591034
23591035
23591036
23591033
23591037
26824208
26824209
26824210
26824211
26824212
26824213
26824214
26824215
26824216
26824217
26824218
26824219
26824911
26824912
26824913
26824914
26824915
26824916
26824917
26824918
26824919
26824920
26824921
26829374
26829462
